1 50.00 30.00 10.81 
2 49.97 30.95 10.96 
3 49.88 31.90 10.23 
4 49.73 32.84 11.06 
5 49.52 33.77 10.83 
6 49.25 34.68 10.35 
7 48.93 35.57 10.58 
8 48.54 36.45 10.90 
9 48.11 37.29 11.36 
10 47.62 38.11 11.42 
11 47.08 38.89 10.66 
12 46.49 39.64 11.53 
13 45.86 40.35 11.56 
14 45.18 41.02 11.14 
15 44.46 41.64 11.51 
16 43.70 42.22 10.90 
17 42.91 42.75 11.23 
18 42.08 43.22 11.77 
19 41.23 43.64 11.70 
20 40.35 44.01 11.92 
21 39.45 44.32 11.67 
22 38.54 44.58 11.10 
23 37.60 44.77 11.96 
24 36.66 44.91 12.10 
25 35.71 44.98 11.89 
26 34.76 45.00 12.02 
27 33.81 44.95 12.06 
28 32.87 44.85 11.76 
29 31.93 44.68 12.07 
30 31.00 44.46 11.64 
31 30.09 44.18 12.22 
32 29.20 43.84 11.60 
33 28.34 43.44 11.89 
34 27.50 42.99 11.71 
35 26.69 42.49 11.81 
36 25.92 41.94 12.59 
37 25.18 41.34 12.51 
38 24.48 40.69 12.19 
39 23.82 40.00 12.87 
40 23.21 39.27 12.00 
41 22.64 38.51 12.46 
42 22.13 37.71 12.45 
43 21.67 36.87 12.89 
44 21.26 36.01 12.97 
45 20.90 35.13 12.41 
46 20.61 34.23 12.76 
47 20.37 33.30 12.77 
48 20.19 32.37 13.02 
49 20.07 31.43 13.13 
50 20.01 30.48 13.23 
51 20.01 29.52 12.80 
52 20.07 28.57 13.26 
53 20.19 27.63 13.28 
54 20.37 26.70 12.84 
55 20.61 25.77 12.85 
56 20.90 24.87 13.28 
57 21.26 23.99 13.79 
58 21.67 23.13 13.22 
59 22.13 22.29 13.51 
60 22.64 21.49 13.20 
61 23.21 20.73 13.78 
62 23.82 20.00 13.34 
63 24.48 19.31 13.64 
64 25.18 18.66 13.88 
65 25.92 18.06 14.12 
66 26.69 17.51 14.24 
67 27.50 17.01 13.88 
68 28.34 16.56 13.52 
69 29.20 16.16 13.58 
70 30.09 15.82 13.74 
71 31.00 15.54 14.38 
72 31.93 15.32 13.84 
73 32.87 15.15 14.45 
74 33.81 15.05 13.93 
75 34.76 15.00 14.67 
76 35.71 15.02 14.14 
77 36.66 15.09 14.03 
78 37.60 15.23 14.14 
79 38.54 15.42 14.56 
80 39.45 15.68 14.46 
81 40.35 15.99 14.39 
82 41.23 16.36 14.92 
83 42.08 16.78 14.73 
84 42.91 17.25 14.74 
85 43.70 17.78 15.16 
86 44.46 18.36 14.58 
87 45.18 18.98 15.10 
88 45.86 19.65 15.15 
89 46.49 20.36 14.82 
90 47.08 21.11 15.06 
91 47.62 21.89 14.62 
92 48.11 22.71 14.65 
93 48.54 23.55 15.18 
94 48.93 24.43 15.48 
95 49.25 25.32 15.68 
96 49.52 26.23 14.93 
97 49.73 27.16 15.42 
98 49.88 28.10 15.37 
99 49.97 29.05 14.96 
100 50.00 30.00 15.34 
101 50.00 30.00 15.16 
102 50.03 30.95 15.74 
103 50.12 31.90 15.21 
104 50.27 32.84 15.38 
105 50.48 33.77 14.96 
106 50.75 34.68 15.35 
107 51.07 35.57 14.96 
108 51.46 36.45 15.30 
109 51.89 37.29 15.29 
110 52.38 38.11 15.29 
111 52.92 38.89 14.95 
112 53.51 39.64 14.53 
113 54.14 40.35 14.62 
114 54.82 41.02 15.26 
115 55.54 41.64 14.45 
116 56.30 42.22 15.07 
117 57.09 42.75 14.73 
118 57.92 43.22 15.14 
119 58.77 43.64 14.17 
120 59.65 44.01 14.48 
121 60.55 44.32 14.10 
122 61.46 44.58 14.90 
123 62.40 44.77 13.89 
124 63.34 44.91 14.61 
125 64.29 44.98 14.61 
126 65.24 45.00 14.61 
127 66.19 44.95 13.77 
128 67.13 44.85 14.04 
129 68.07 44.68 13.85 
130 69.00 44.46 14.34 
131 69.91 44.18 13.92 
132 70.80 43.84 14.34 
133 71.66 43.44 13.57 
134 72.50 42.99 13.60 
135 73.31 42.49 13.43 
136 74.08 41.94 13.37 
137 74.82 41.34 14.05 
138 75.52 40.69 13.71 
139 76.18 40.00 13.63 
140 76.79 39.27 13.18 
141 77.36 38.51 13.83 
142 77.87 37.71 13.55 
143 78.33 36.87 13.23 
144 78.74 36.01 13.34 
145 79.10 35.13 13.18 
146 79.39 34.23 12.80 
147 79.63 33.30 12.92 
148 79.81 32.37 12.75 
149 79.93 31.43 12.76 
150 79.99 30.48 12.77 
151 79.99 29.52 12.89 
152 79.93 28.57 12.47 
153 79.81 27.63 13.28 
154 79.63 26.70 13.27 
155 79.39 25.77 12.76 
156 79.10 24.87 12.71 
157 78.74 23.99 12.51 
158 78.33 23.13 13.02 
159 77.87 22.29 12.44 
160 77.36 21.49 12.13 
161 76.79 20.73 12.75 
162 76.18 20.00 12.31 
163 75.52 19.31 12.11 
164 74.82 18.66 12.22 
165 74.08 18.06 11.86 
166 73.31 17.51 11.85 
167 72.50 17.01 12.61 
168 71.66 16.56 12.57 
169 70.80 16.16 12.14 
170 69.91 15.82 11.57 
171 69.00 15.54 11.70 
172 68.07 15.32 11.77 
173 67.13 15.15 12.18 
174 66.19 15.05 11.33 
175 65.24 15.00 11.31 
176 64.29 15.02 11.38 
177 63.34 15.09 11.81 
178 62.40 15.23 11.84 
179 61.46 15.42 11.71 
180 60.55 15.68 11.46 
181 59.65 15.99 11.51 
182 58.77 16.36 11.21 
183 57.92 16.78 11.60 
184 57.09 17.25 11.00 
185 56.30 17.78 11.44 
186 55.54 18.36 10.89 
187 54.82 18.98 11.03 
188 54.14 19.65 11.23 
189 53.51 20.36 11.34 
190 52.92 21.11 10.59 
191 52.38 21.89 11.38 
192 51.89 22.71 11.18 
193 51.46 23.55 10.84 
194 51.07 24.43 10.74 
195 50.75 25.32 10.70 
196 50.48 26.23 10.51 
197 50.27 27.16 10.66 
198 50.12 28.10 10.61 
199 50.03 29.05 10.87 
200 50.00 30.00 10.79 
